#        M_wdm_keV, log10sigmaovermass,              T0a,              T0s,          gamma_a,          gamma_s,              Fz1,              Fz2,              Fz3,              Fz4,             F_UV,           sigma8,           z_reio
 1.207258e-02	 2.477365e-02	 2.088310e-03	 3.250439e-02	-1.260207e-04	 5.061740e-02	 1.364586e-04	-2.498524e-04	 7.118858e-04	 1.669458e-04	 4.198508e-03	-3.950183e-05	-2.363993e-31	
 2.477365e-02	 2.015738e+00	-7.829337e-03	 4.574973e-03	-5.542803e-02	-7.426743e-01	 2.412601e-03	 7.665278e-03	 2.036920e-03	-4.673358e-03	 8.216970e-03	-3.459640e-04	-1.169811e-31	
 2.088310e-03	-7.829337e-03	 4.887636e-02	-2.050150e-01	-5.488168e-03	 2.436410e-02	-1.567989e-03	-4.182001e-03	-2.602576e-03	-3.413236e-04	-3.976711e-02	 3.808434e-05	-4.143081e-32	
 3.250439e-02	 4.574973e-03	-2.050150e-01	 5.124787e+00	 2.182232e-02	 9.430109e-01	 1.201723e-02	 9.589238e-03	 2.522077e-02	 1.368494e-02	 2.455532e-01	 1.423562e-05	 1.559748e-31	
-1.260207e-04	-5.542803e-02	-5.488168e-03	 2.182232e-02	 2.670604e-02	-1.700695e-02	 1.036813e-03	-1.584727e-03	-5.315167e-04	 5.813075e-04	-3.357168e-04	 9.928068e-06	-1.551624e-31	
 5.061740e-02	-7.426743e-01	 2.436410e-02	 9.430109e-01	-1.700695e-02	 6.203452e+00	-9.135403e-03	-1.055587e-02	 1.297773e-02	 4.900300e-03	 5.258592e-02	-5.993650e-05	 1.039832e-31	
 1.364586e-04	 2.412601e-03	-1.567989e-03	 1.201723e-02	 1.036813e-03	-9.135403e-03	 6.804787e-04	 9.124458e-05	 1.278266e-04	-4.892094e-05	 1.056098e-03	-2.002150e-06	 2.152777e-32	
-2.498524e-04	 7.665278e-03	-4.182001e-03	 9.589238e-03	-1.584727e-03	-1.055587e-02	 9.124458e-05	 1.498747e-03	 2.188481e-04	-1.960508e-05	 3.105522e-03	-4.166528e-06	 2.102004e-32	
 7.118858e-04	 2.036920e-03	-2.602576e-03	 2.522077e-02	-5.315167e-04	 1.297773e-02	 1.278266e-04	 2.188481e-04	 1.468414e-03	 3.477380e-04	 4.986051e-03	-5.214807e-07	 5.686582e-33	
 1.669458e-04	-4.673358e-03	-3.413236e-04	 1.368494e-02	 5.813075e-04	 4.900300e-03	-4.892094e-05	-1.960508e-05	 3.477380e-04	 1.199204e-03	 1.478295e-03	 2.821806e-06	 2.437106e-33	
 4.198508e-03	 8.216970e-03	-3.976711e-02	 2.455532e-01	-3.357168e-04	 5.258592e-02	 1.056098e-03	 3.105522e-03	 4.986051e-03	 1.478295e-03	 5.808831e-02	-8.385064e-05	 1.949685e-32	
-3.950183e-05	-3.459640e-04	 3.808434e-05	 1.423562e-05	 9.928068e-06	-5.993650e-05	-2.002150e-06	-4.166528e-06	-5.214807e-07	 2.821806e-06	-8.385064e-05	 1.296318e-05	-4.353155e-32	
-2.363993e-31	-1.169811e-31	-4.143081e-32	 1.559748e-31	-1.551624e-31	 1.039832e-31	 2.152777e-32	 2.102004e-32	 5.686582e-33	 2.437106e-33	 1.949685e-32	-4.353155e-32	 7.888609e-31	
