#          omega_b,        omega_cdm,      100*theta_s,     ln10^{10}A_s,              n_s,         tau_reio,         A_planck,           z_reio,     Omega_Lambda,              YHe,               H0,              A_s,           sigma8
 2.067157e-08	-1.140948e-07	 3.843659e-09	 6.543700e-07	 2.257857e-07	 4.330804e-07	-7.196878e-09	 3.759844e-05	 7.686288e-07	 8.818049e-09	 5.991887e-05	 1.381343e-15	-1.245690e-07	
-1.140948e-07	 1.725504e-06	-1.036954e-07	 2.412937e-06	-4.289344e-06	-5.849564e-07	-2.814872e-07	 2.638040e-06	-1.053468e-05	-4.868485e-08	-7.441452e-04	 4.945412e-15	 5.757803e-06	
 3.843659e-09	-1.036954e-07	 9.431778e-08	-1.866434e-06	 3.619135e-07	-7.244150e-07	-8.098227e-08	-8.195838e-05	 8.911721e-07	 1.649299e-09	 7.137670e-05	-3.850282e-15	-9.091891e-07	
 6.543700e-07	 2.412937e-06	-1.866434e-06	 4.445872e-04	-1.859110e-05	 2.079689e-04	 7.187118e-06	 2.119925e-02	-1.494994e-05	 2.790968e-07	-8.920696e-04	 9.346130e-13	 1.779405e-04	
 2.257857e-07	-4.289344e-06	 3.619135e-07	-1.859110e-05	 1.962294e-05	-5.170730e-06	 1.931448e-06	-6.770689e-04	 2.608871e-05	 9.625171e-08	 1.835897e-03	-3.870562e-14	-1.638080e-05	
 4.330804e-07	-5.849564e-07	-7.244150e-07	 2.079689e-04	-5.170730e-06	 1.038685e-04	-8.608342e-07	 1.053134e-02	 3.694136e-06	 1.848152e-07	 3.492482e-04	 4.372840e-13	 7.824736e-05	
-7.196878e-09	-2.814872e-07	-8.098227e-08	 7.187118e-06	 1.931448e-06	-8.608342e-07	 5.084386e-06	-9.805846e-05	 1.251279e-06	-3.147304e-09	 6.586598e-05	 1.516327e-14	 2.516933e-06	
 3.759844e-05	 2.638040e-06	-8.195838e-05	 2.119925e-02	-6.770689e-04	 1.053134e-02	-9.805846e-05	 1.073112e+00	-3.237746e-05	 1.604642e-05	 5.119330e-03	 4.453725e-11	 8.152931e-03	
 7.686288e-07	-1.053468e-05	 8.911721e-07	-1.494994e-05	 2.608871e-05	 3.694136e-06	 1.251279e-06	-3.237746e-05	 6.558888e-05	 3.279999e-07	 4.692995e-03	-3.045967e-14	-3.528726e-05	
 8.818049e-09	-4.868485e-08	 1.649299e-09	 2.790968e-07	 9.625171e-08	 1.848152e-07	-3.147304e-09	 1.604642e-05	 3.279999e-07	 3.761628e-09	 2.556812e-05	 5.891593e-16	-5.320789e-08	
 5.991887e-05	-7.441452e-04	 7.137670e-05	-8.920696e-04	 1.835897e-03	 3.492482e-04	 6.586598e-05	 5.119330e-03	 4.692995e-03	 2.556812e-05	 3.393878e-01	-1.801099e-12	-2.443396e-03	
 1.381343e-15	 4.945412e-15	-3.850282e-15	 9.346130e-13	-3.870562e-14	 4.372840e-13	 1.516327e-14	 4.453725e-11	-3.045967e-14	 5.891593e-16	-1.801099e-12	 1.965225e-21	 3.738538e-13	
-1.245690e-07	 5.757803e-06	-9.091891e-07	 1.779405e-04	-1.638080e-05	 7.824736e-05	 2.516933e-06	 8.152931e-03	-3.528726e-05	-5.320789e-08	-2.443396e-03	 3.738538e-13	 8.581085e-05	
