#    inv_M_wdm_keV, log10sigmaovermass,              T0a,              T0s,          gamma_a,          gamma_s,              Fz1,              Fz2,              Fz3,              Fz4,             F_UV,           sigma8,           z_reio
 6.809842e-03	 1.230483e-04	-2.088456e-02	 5.582626e-02	 1.323476e-03	-4.565495e-02	 5.656890e-04	-1.707796e-04	-2.468895e-04	-2.796428e-04	 4.914794e-03	 5.375281e-06	0.000000e+00	
 1.230483e-04	 1.766584e+00	-6.231609e-02	 6.836615e-01	 2.567236e-02	 2.605529e-01	 1.164806e-02	 1.431745e-03	-5.126773e-03	 1.335547e-03	 7.992010e-02	 6.692866e-04	0.000000e+00	
-2.088456e-02	-6.231609e-02	 1.814478e-01	-3.788365e-01	-1.087931e-02	 5.152541e-01	 9.699861e-06	 4.107683e-03	 1.653817e-04	-3.864881e-04	-5.253317e-03	-2.255813e-04	0.000000e+00	
 5.582626e-02	 6.836615e-01	-3.788365e-01	 6.541749e+00	 8.907158e-02	-4.036065e-01	 3.748266e-02	-1.208481e-02	 9.777026e-03	-2.873191e-03	 1.986575e-01	 3.659222e-04	0.000000e+00	
 1.323476e-03	 2.567236e-02	-1.087931e-02	 8.907158e-02	 2.126235e-02	-7.193703e-02	 1.548528e-03	-1.095033e-03	 1.055911e-03	 6.321611e-04	 6.017158e-03	-3.469428e-05	0.000000e+00	
-4.565495e-02	 2.605529e-01	 5.152541e-01	-4.036065e-01	-7.193703e-02	 8.017508e+00	-2.688757e-02	 1.862764e-02	-6.774184e-03	-3.231859e-02	 7.938707e-02	-7.366093e-04	0.000000e+00	
 5.656890e-04	 1.164806e-02	 9.699861e-06	 3.748266e-02	 1.548528e-03	-2.688757e-02	 1.758660e-03	 3.004384e-04	 1.610404e-04	 2.328279e-04	 3.370031e-03	-2.528842e-06	0.000000e+00	
-1.707796e-04	 1.431745e-03	 4.107683e-03	-1.208481e-02	-1.095033e-03	 1.862764e-02	 3.004384e-04	 1.637127e-03	 5.176895e-05	-2.261988e-04	 1.521354e-03	 6.974864e-06	0.000000e+00	
-2.468895e-04	-5.126773e-03	 1.653817e-04	 9.777026e-03	 1.055911e-03	-6.774184e-03	 1.610404e-04	 5.176895e-05	 1.295100e-03	 1.642861e-04	-2.165807e-04	-5.416738e-06	0.000000e+00	
-2.796428e-04	 1.335547e-03	-3.864881e-04	-2.873191e-03	 6.321611e-04	-3.231859e-02	 2.328279e-04	-2.261988e-04	 1.642861e-04	 1.162455e-03	-2.466180e-04	-8.988807e-06	0.000000e+00	
 4.914794e-03	 7.992010e-02	-5.253317e-03	 1.986575e-01	 6.017158e-03	 7.938707e-02	 3.370031e-03	 1.521354e-03	-2.165807e-04	-2.466180e-04	 5.674063e-02	-3.328331e-05	0.000000e+00	
 5.375281e-06	 6.692866e-04	-2.255813e-04	 3.659222e-04	-3.469428e-05	-7.366093e-04	-2.528842e-06	 6.974864e-06	-5.416738e-06	-8.988807e-06	-3.328331e-05	 1.476310e-05	0.000000e+00	
0.000000e+00	0.000000e+00	0.000000e+00	0.000000e+00	0.000000e+00	0.000000e+00	0.000000e+00	0.000000e+00	0.000000e+00	0.000000e+00	0.000000e+00	0.000000e+00	0.000000e+00	
