#        M_wdm_keV, log10sigmaovermass,              T0a,              T0s,          gamma_a,          gamma_s,              Fz1,              Fz2,              Fz3,              Fz4,             F_UV,           sigma8,           z_reio
 6.233376e-01	 5.309733e-02	 4.239741e-02	-3.806466e-02	 2.004956e-04	-4.188130e-01	-1.996302e-03	-5.262674e-03	-1.276513e-03	-1.389565e-03	-9.251553e-02	 5.995781e-04	-6.271419e-32	
 5.309733e-02	 3.145741e+00	-5.288747e-02	-9.638665e-01	 2.870830e-02	-2.815996e-01	-8.354749e-03	-1.249401e-02	-2.397595e-03	-2.398027e-03	-1.075584e-01	 1.438499e-04	-4.459676e-31	
 4.239741e-02	-5.288747e-02	 1.435244e-01	 1.118711e-01	-1.798834e-02	 2.986841e-01	 1.133580e-02	 1.071877e-02	 1.968662e-03	 1.362818e-04	 3.782704e-02	 9.680489e-05	-1.080078e-31	
-3.806466e-02	-9.638665e-01	 1.118711e-01	 4.190186e+00	-3.301284e-02	 2.078964e+00	 1.567802e-02	 2.169468e-02	 1.216619e-02	 1.708878e-02	 1.841330e-01	-3.539292e-04	-1.393649e-32	
 2.004956e-04	 2.870830e-02	-1.798834e-02	-3.301284e-02	 2.453509e-02	-1.090268e-01	-2.447674e-03	-2.385730e-03	 5.014628e-04	-6.236397e-04	-9.098844e-03	-8.072829e-06	 1.480752e-32	
-4.188130e-01	-2.815996e-01	 2.986841e-01	 2.078964e+00	-1.090268e-01	 9.121816e+00	 3.399619e-02	 4.466831e-02	 1.887567e-02	 5.953166e-03	 3.233761e-01	-3.276753e-04	 5.574594e-32	
-1.996302e-03	-8.354749e-03	 1.133580e-02	 1.567802e-02	-2.447674e-03	 3.399619e-02	 2.212174e-03	 1.471239e-03	 1.080386e-04	 1.718119e-04	 7.343613e-03	 3.251255e-06	 1.698509e-32	
-5.262674e-03	-1.249401e-02	 1.071877e-02	 2.169468e-02	-2.385730e-03	 4.466831e-02	 1.471239e-03	 2.841746e-03	 3.830552e-04	 4.514231e-05	 9.860339e-03	 3.493587e-06	 1.393649e-32	
-1.276513e-03	-2.397595e-03	 1.968662e-03	 1.216619e-02	 5.014628e-04	 1.887567e-02	 1.080386e-04	 3.830552e-04	 1.265070e-03	 1.372212e-04	 9.727221e-04	 7.767349e-07	-1.023461e-32	
-1.389565e-03	-2.398027e-03	 1.362818e-04	 1.708878e-02	-6.236397e-04	 5.953166e-03	 1.718119e-04	 4.514231e-05	 1.372212e-04	 1.354650e-03	 1.288783e-03	-1.678592e-06	-4.436811e-33	
-9.251553e-02	-1.075584e-01	 3.782704e-02	 1.841330e-01	-9.098844e-03	 3.233761e-01	 7.343613e-03	 9.860339e-03	 9.727221e-04	 1.288783e-03	 1.036720e-01	-5.383266e-05	-1.742061e-32	
 5.995781e-04	 1.438499e-04	 9.680489e-05	-3.539292e-04	-8.072829e-06	-3.276753e-04	 3.251255e-06	 3.493587e-06	 7.767349e-07	-1.678592e-06	-5.383266e-05	 1.172063e-05	 5.682112e-32	
-6.271419e-32	-4.459676e-31	-1.080078e-31	-1.393649e-32	 1.480752e-32	 5.574594e-32	 1.698509e-32	 1.393649e-32	-1.023461e-32	-4.436811e-33	-1.742061e-32	 5.682112e-32	 7.888609e-31	
