#    inv_M_wdm_keV, log10sigmaovermass,              T0a,              T0s,          gamma_a,          gamma_s,              Fz1,              Fz2,              Fz3,              Fz4,             F_UV,           sigma8,           z_reio
 1.119692e-02	-3.781029e-02	-2.688460e-02	-1.181296e-02	 1.250974e-03	-1.596655e-01	-4.085915e-04	-1.597575e-04	-1.470381e-03	 2.523048e-04	-5.281817e-04	-1.244363e-04	 2.000331e-32	
-3.781029e-02	 2.513631e+00	-3.216763e-02	-1.169383e-01	 2.740801e-02	-8.295755e-02	-3.429170e-03	-7.838724e-03	-8.684778e-04	-8.859803e-03	-7.758397e-02	 5.107425e-03	-2.600430e-31	
-2.688460e-02	-3.216763e-02	 1.734392e-01	-7.661025e-03	-9.379021e-03	 5.947885e-01	 5.403344e-03	 4.003749e-03	 3.757203e-03	 1.165434e-03	 1.062039e-02	-3.108004e-05	-2.000331e-32	
-1.181296e-02	-1.169383e-01	-7.661025e-03	 2.375490e+00	 2.787932e-02	 1.269960e-01	 1.743426e-03	 8.065736e-03	-2.476491e-03	-1.820773e-03	 9.461965e-02	-1.556155e-04	-2.450405e-31	
 1.250974e-03	 2.740801e-02	-9.379021e-03	 2.787932e-02	 2.533980e-02	-2.743623e-02	 5.498909e-04	-1.291309e-03	-1.148765e-03	-1.420864e-03	-3.214678e-03	 8.407647e-05	 8.751447e-33	
-1.596655e-01	-8.295755e-02	 5.947885e-01	 1.269960e-01	-2.743623e-02	 9.720908e+00	 2.278602e-02	 6.793695e-04	 2.310454e-02	-1.658436e-02	-1.131455e-01	 2.667719e-03	0.000000e+00	
-4.085915e-04	-3.429170e-03	 5.403344e-03	 1.743426e-03	 5.498909e-04	 2.278602e-02	 1.176358e-03	 3.985371e-04	 7.192571e-05	 1.608134e-05	 6.120432e-04	-3.392863e-06	 3.938151e-32	
-1.597575e-04	-7.838724e-03	 4.003749e-03	 8.065736e-03	-1.291309e-03	 6.793695e-04	 3.985371e-04	 1.663686e-03	 2.929700e-04	 2.557756e-04	 3.033981e-03	-2.467034e-05	-1.187696e-32	
-1.470381e-03	-8.684778e-04	 3.757203e-03	-2.476491e-03	-1.148765e-03	 2.310454e-02	 7.192571e-05	 2.929700e-04	 1.429764e-03	 1.546400e-04	 2.162305e-03	-1.855274e-05	-1.812800e-32	
 2.523048e-04	-8.859803e-03	 1.165434e-03	-1.820773e-03	-1.420864e-03	-1.658436e-02	 1.608134e-05	 2.557756e-04	 1.546400e-04	 1.356951e-03	 2.302404e-03	-5.170692e-05	 1.562758e-33	
-5.281817e-04	-7.758397e-02	 1.062039e-02	 9.461965e-02	-3.214678e-03	-1.131455e-01	 6.120432e-04	 3.033981e-03	 2.162305e-03	 2.302404e-03	 6.523560e-02	-4.582604e-04	 3.500579e-32	
-1.244363e-04	 5.107425e-03	-3.108004e-05	-1.556155e-04	 8.407647e-05	 2.667719e-03	-3.392863e-06	-2.467034e-05	-1.855274e-05	-5.170692e-05	-4.582604e-04	 4.978982e-05	-4.313213e-32	
 2.000331e-32	-2.600430e-31	-2.000331e-32	-2.450405e-31	 8.751447e-33	0.000000e+00	 3.938151e-32	-1.187696e-32	-1.812800e-32	 1.562758e-33	 3.500579e-32	-4.313213e-32	 7.888609e-31	
