#        M_wdm_keV, log10sigmaovermass,              T0a,              T0s,          gamma_a,          gamma_s,              Fz1,              Fz2,              Fz3,              Fz4,             F_UV,           sigma8,           z_reio
 3.711453e-01	 1.365543e-01	 5.657875e-02	-7.362078e-02	-1.211739e-02	 2.442356e-01	 6.564329e-04	-6.604686e-04	-3.483770e-03	-8.020282e-04	-6.257263e-03	 6.629805e-05	-1.685097e-31	
 1.365543e-01	 2.234826e+00	-3.000521e-02	 5.116457e-02	-1.480791e-04	 4.701313e-01	-8.601381e-03	-2.807878e-03	-3.408790e-03	-1.923128e-03	-2.014161e-02	-9.603961e-05	-8.004213e-31	
 5.657875e-02	-3.000521e-02	 1.478947e-01	-1.744730e-01	-7.924507e-03	 3.423306e-01	 7.669931e-03	 5.549018e-03	 1.475224e-03	 1.433912e-03	-1.157376e-03	 1.161802e-04	-2.106372e-32	
-7.362078e-02	 5.116457e-02	-1.744730e-01	 5.035859e+00	 3.178123e-02	 5.402010e-01	-2.059703e-02	-1.924446e-02	-1.799815e-02	-3.006245e-03	 1.180486e-01	 1.601802e-07	-6.319115e-31	
-1.211739e-02	-1.480791e-04	-7.924507e-03	 3.178123e-02	 2.854957e-02	 7.570298e-03	-9.311718e-04	-1.611872e-03	 4.029228e-04	 6.649848e-04	 3.186823e-03	-5.496317e-05	 1.105845e-31	
 2.442356e-01	 4.701313e-01	 3.423306e-01	 5.402010e-01	 7.570298e-03	 8.840530e+00	 1.791489e-02	 9.105435e-03	-3.337423e-03	-1.028051e-02	-2.297500e-02	-1.078847e-04	-1.685097e-31	
 6.564329e-04	-8.601381e-03	 7.669931e-03	-2.059703e-02	-9.311718e-04	 1.791489e-02	 1.288720e-03	 4.778405e-04	 4.483503e-05	 1.253199e-04	 2.674837e-05	 8.859538e-06	-1.125592e-31	
-6.604686e-04	-2.807878e-03	 5.549018e-03	-1.924446e-02	-1.611872e-03	 9.105435e-03	 4.778405e-04	 1.505071e-03	 4.162044e-04	 1.630182e-04	-5.661868e-05	 7.793301e-06	-7.240653e-32	
-3.483770e-03	-3.408790e-03	 1.475224e-03	-1.799815e-02	 4.029228e-04	-3.337423e-03	 4.483503e-05	 4.162044e-04	 1.650362e-03	 2.491616e-04	-8.347259e-06	-4.178396e-07	-3.291206e-32	
-8.020282e-04	-1.923128e-03	 1.433912e-03	-3.006245e-03	 6.649848e-04	-1.028051e-02	 1.253199e-04	 1.630182e-04	 2.491616e-04	 1.103474e-03	 3.141667e-04	-8.334086e-07	 1.316482e-32	
-6.257263e-03	-2.014161e-02	-1.157376e-03	 1.180486e-01	 3.186823e-03	-2.297500e-02	 2.674837e-05	-5.661868e-05	-8.347259e-06	 3.141667e-04	 3.318148e-02	-1.720788e-06	-8.820432e-32	
 6.629805e-05	-9.603961e-05	 1.161802e-04	 1.601802e-07	-5.496317e-05	-1.078847e-04	 8.859538e-06	 7.793301e-06	-4.178396e-07	-8.334086e-07	-1.720788e-06	 2.443225e-06	-9.853048e-33	
-1.685097e-31	-8.004213e-31	-2.106372e-32	-6.319115e-31	 1.105845e-31	-1.685097e-31	-1.125592e-31	-7.240653e-32	-3.291206e-32	 1.316482e-32	-8.820432e-32	-9.853048e-33	 3.155444e-30	
