#        M_wdm_keV, log10sigmaovermass,              T0a,              T0s,          gamma_a,          gamma_s,              Fz1,              Fz2,              Fz3,              Fz4,             F_UV,           sigma8,           z_reio
 7.012126e-02	 2.101997e-02	 1.482021e-02	-1.821889e-02	-1.141144e-03	 1.222844e-01	 6.967060e-04	 1.188260e-03	-3.183604e-05	 1.182920e-04	 9.530396e-03	-9.953155e-05	 3.469493e-31	
 2.101997e-02	 2.236661e+00	-9.004644e-03	 4.438692e-01	 1.066162e-02	 2.708229e-01	 2.216184e-03	 2.344845e-03	-4.864827e-03	 4.327461e-03	 4.911032e-03	-4.248331e-04	-1.606563e-31	
 1.482021e-02	-9.004644e-03	 8.655635e-02	-3.266457e-01	-1.533759e-02	 3.111938e-01	-5.948323e-04	-3.024575e-03	-4.447720e-03	-1.444399e-03	-3.825088e-02	-1.233676e-04	 1.025466e-32	
-1.821889e-02	 4.438692e-01	-3.266457e-01	 5.918552e+00	 3.543811e-02	-9.959942e-01	 7.980816e-03	 8.837660e-03	 1.353766e-02	 6.874454e-03	 2.884616e-01	-7.408344e-05	 1.093830e-31	
-1.141144e-03	 1.066162e-02	-1.533759e-02	 3.543811e-02	 1.985237e-02	-1.006956e-01	 1.327705e-03	-5.819471e-04	 6.120628e-04	 8.949256e-05	 6.278547e-03	-2.697964e-06	 2.632029e-31	
 1.222844e-01	 2.708229e-01	 3.111938e-01	-9.959942e-01	-1.006956e-01	 4.117767e+00	-8.846253e-03	-3.339955e-03	-2.849784e-02	-6.732070e-03	-1.061946e-01	-8.312350e-04	-4.238592e-31	
 6.967060e-04	 2.216184e-03	-5.948323e-04	 7.980816e-03	 1.327705e-03	-8.846253e-03	 7.549261e-04	 2.267268e-04	 1.010250e-05	 3.866953e-05	 1.772038e-03	-4.827933e-06	-1.580926e-32	
 1.188260e-03	 2.344845e-03	-3.024575e-03	 8.837660e-03	-5.819471e-04	-3.339955e-03	 2.267268e-04	 1.207846e-03	 3.020444e-04	 1.010273e-04	 3.411909e-03	-4.388483e-06	 3.845497e-32	
-3.183604e-05	-4.864827e-03	-4.447720e-03	 1.353766e-02	 6.120628e-04	-2.849784e-02	 1.010250e-05	 3.020444e-04	 1.208616e-03	 3.169271e-04	 4.651205e-03	 6.508032e-06	 2.990942e-32	
 1.182920e-04	 4.327461e-03	-1.444399e-03	 6.874454e-03	 8.949256e-05	-6.732070e-03	 3.866953e-05	 1.010273e-04	 3.169271e-04	 1.103961e-03	 2.175437e-03	-6.273388e-06	 8.545548e-33	
 9.530396e-03	 4.911032e-03	-3.825088e-02	 2.884616e-01	 6.278547e-03	-1.061946e-01	 1.772038e-03	 3.411909e-03	 4.651205e-03	 2.175437e-03	 6.862550e-02	 2.429471e-05	-1.367288e-31	
-9.953155e-05	-4.248331e-04	-1.233676e-04	-7.408344e-05	-2.697964e-06	-8.312350e-04	-4.827933e-06	-4.388483e-06	 6.508032e-06	-6.273388e-06	 2.429471e-05	 1.124995e-05	-9.346693e-33	
 3.469493e-31	-1.606563e-31	 1.025466e-32	 1.093830e-31	 2.632029e-31	-4.238592e-31	-1.580926e-32	 3.845497e-32	 2.990942e-32	 8.545548e-33	-1.367288e-31	-9.346693e-33	 7.888609e-31	
