#    inv_M_wdm_keV, log10sigmaovermass,              T0a,              T0s,          gamma_a,          gamma_s,              Fz1,              Fz2,              Fz3,              Fz4,             F_UV,           sigma8,           z_reio
 7.569458e-03	 1.266769e-02	-8.433002e-03	-5.840020e-03	-1.784187e-03	 2.790603e-03	-3.362511e-04	-4.186576e-04	-1.106049e-03	-5.660019e-04	 1.540201e-03	 2.226940e-05	0.000000e+00	
 1.266769e-02	 1.701628e+00	 2.616428e-02	-1.450948e-01	-5.718639e-03	 8.672227e-01	 2.501248e-03	 4.242603e-03	-1.013178e-02	-1.641675e-03	 1.072135e-01	 1.452651e-04	0.000000e+00	
-8.433002e-03	 2.616428e-02	 1.341246e-01	-1.983869e-02	-1.130050e-03	 3.961053e-01	 6.229913e-03	 9.215400e-03	 5.759299e-04	 3.107086e-04	 1.762849e-02	-1.232255e-04	0.000000e+00	
-5.840020e-03	-1.450948e-01	-1.983869e-02	 1.486590e+00	 2.579527e-02	 5.170837e-01	 1.854356e-03	 9.067365e-03	 3.204885e-03	-1.261564e-03	 7.166033e-02	-5.975799e-05	0.000000e+00	
-1.784187e-03	-5.718639e-03	-1.130050e-03	 2.579527e-02	 2.182328e-02	 1.117134e-02	 4.204677e-04	-7.099809e-04	 1.690288e-04	 2.789304e-04	-4.404517e-03	-6.405578e-05	0.000000e+00	
 2.790603e-03	 8.672227e-01	 3.961053e-01	 5.170837e-01	 1.117134e-02	 8.818577e+00	 2.704452e-02	 6.428069e-02	-7.760810e-03	-1.356149e-02	 2.086428e-01	-1.281232e-03	0.000000e+00	
-3.362511e-04	 2.501248e-03	 6.229913e-03	 1.854356e-03	 4.204677e-04	 2.704452e-02	 1.028659e-03	 5.693204e-04	-7.274992e-06	 2.130103e-05	 2.361708e-03	-1.298752e-05	0.000000e+00	
-4.186576e-04	 4.242603e-03	 9.215400e-03	 9.067365e-03	-7.099809e-04	 6.428069e-02	 5.693204e-04	 1.814176e-03	 3.798670e-04	 2.472799e-05	 4.570997e-03	-1.713438e-05	0.000000e+00	
-1.106049e-03	-1.013178e-02	 5.759299e-04	 3.204885e-03	 1.690288e-04	-7.760810e-03	-7.274992e-06	 3.798670e-04	 1.741151e-03	 1.961839e-04	 1.540576e-03	-2.033108e-05	0.000000e+00	
-5.660019e-04	-1.641675e-03	 3.107086e-04	-1.261564e-03	 2.789304e-04	-1.356149e-02	 2.130103e-05	 2.472799e-05	 1.961839e-04	 1.053446e-03	-7.046543e-04	-1.006867e-05	0.000000e+00	
 1.540201e-03	 1.072135e-01	 1.762849e-02	 7.166033e-02	-4.404517e-03	 2.086428e-01	 2.361708e-03	 4.570997e-03	 1.540576e-03	-7.046543e-04	 9.965286e-02	-2.640895e-04	0.000000e+00	
 2.226940e-05	 1.452651e-04	-1.232255e-04	-5.975799e-05	-6.405578e-05	-1.281232e-03	-1.298752e-05	-1.713438e-05	-2.033108e-05	-1.006867e-05	-2.640895e-04	 1.471059e-05	0.000000e+00	
0.000000e+00	0.000000e+00	0.000000e+00	0.000000e+00	0.000000e+00	0.000000e+00	0.000000e+00	0.000000e+00	0.000000e+00	0.000000e+00	0.000000e+00	0.000000e+00	0.000000e+00	
