#    inv_M_wdm_keV, log10sigmaovermass,              T0a,              T0s,          gamma_a,          gamma_s,              Fz1,              Fz2,              Fz3,              Fz4,             F_UV,           sigma8,           z_reio
 9.418813e-03	-1.309669e-02	-2.523022e-02	-1.194779e-02	 9.783080e-04	-1.292502e-01	-6.525721e-04	-4.450073e-04	-1.110553e-03	 1.048306e-04	 1.929650e-03	-5.685223e-05	-9.484559e-33	
-1.309669e-02	 2.216393e+00	-3.862595e-02	 4.006243e-02	 2.729206e-02	 3.280434e-01	-1.057067e-03	-4.015725e-03	-1.397646e-04	-5.309598e-03	-3.101916e-02	 2.459637e-03	0.000000e+00	
-2.523022e-02	-3.862595e-02	 1.885046e-01	-6.697404e-02	-9.320269e-03	 5.303669e-01	 7.978268e-03	 6.906420e-03	 4.024225e-03	 2.041618e-03	 4.827703e-03	-2.362346e-05	-2.529216e-32	
-1.194779e-02	 4.006243e-02	-6.697404e-02	 3.421466e+00	 2.354407e-02	 5.201482e-01	-8.098563e-03	 2.776511e-03	-1.407449e-03	 1.915856e-04	 9.076040e-02	-1.894681e-05	 5.026816e-31	
 9.783080e-04	 2.729206e-02	-9.320269e-03	 2.354407e-02	 2.661443e-02	-6.507456e-02	 1.574558e-04	-1.333129e-03	-7.626624e-04	-1.102533e-03	-1.177419e-03	 8.431689e-05	 4.524925e-32	
-1.292502e-01	 3.280434e-01	 5.303669e-01	 5.201482e-01	-6.507456e-02	 9.777040e+00	 1.758028e-02	 1.333196e-02	 2.125197e-02	-3.813212e-03	-4.200746e-02	 1.900921e-03	-5.058431e-32	
-6.525721e-04	-1.057067e-03	 7.978268e-03	-8.098563e-03	 1.574558e-04	 1.758028e-02	 1.482147e-03	 5.929796e-04	 1.023501e-04	 7.901664e-05	 9.540935e-04	 9.207919e-06	-1.541241e-32	
-4.450073e-04	-4.015725e-03	 6.906420e-03	 2.776511e-03	-1.333129e-03	 1.333196e-02	 5.929796e-04	 1.934915e-03	 3.151959e-04	 2.126247e-04	 2.361066e-03	-1.906697e-05	-5.137469e-32	
-1.110553e-03	-1.397646e-04	 4.024225e-03	-1.407449e-03	-7.626624e-04	 2.125197e-02	 1.023501e-04	 3.151959e-04	 1.464100e-03	 1.925385e-04	 8.164050e-04	-2.240154e-05	-3.359115e-32	
 1.048306e-04	-5.309598e-03	 2.041618e-03	 1.915856e-04	-1.102533e-03	-3.813212e-03	 7.901664e-05	 2.126247e-04	 1.925385e-04	 1.456234e-03	 1.406968e-03	-3.538002e-05	 1.185570e-32	
 1.929650e-03	-3.101916e-02	 4.827703e-03	 9.076040e-02	-1.177419e-03	-4.200746e-02	 9.540935e-04	 2.361066e-03	 8.164050e-04	 1.406968e-03	 6.601347e-02	-3.488845e-04	 3.161520e-33	
-5.685223e-05	 2.459637e-03	-2.362346e-05	-1.894681e-05	 8.431689e-05	 1.900921e-03	 9.207919e-06	-1.906697e-05	-2.240154e-05	-3.538002e-05	-3.488845e-04	 3.753828e-05	 2.568735e-33	
-9.484559e-33	0.000000e+00	-2.529216e-32	 5.026816e-31	 4.524925e-32	-5.058431e-32	-1.541241e-32	-5.137469e-32	-3.359115e-32	 1.185570e-32	 3.161520e-33	 2.568735e-33	 7.888609e-31	
